site,title,company,location,date_posted,job_url,job_url_direct,id,job_type,salary_source,interval,min_amount,max_amount,currency,is_remote,job_level,job_function,listing_type,emails,company_industry,company_url,company_url_direct,company_addresses,company_num_employees,company_revenue,company_description,skills,experience_range,company_rating,company_reviews_count,vacancy_count,work_from_home_type
linkedin,Head of Data Engineering,Jobgether,,2026-07-08,https://www.linkedin.com/jobs/view/4437029238 , ,li-4437029238,fulltime,,,,,,True,mid-senior level,Engineering and Information Technology,,,Internet Marketplace Platforms,https://be.linkedin.com/company/jobgether,,,,,,,,,,,
linkedin,Senior Data Analyst - AdTech,Delivery Hero,"Berlin, Berlin, Germany",2026-07-08,https://www.linkedin.com/jobs/view/4437041540 , ,li-4437041540,fulltime,,,,,,False,mid-senior level,Information Technology,,inclusion@deliveryhero.com,Software Development and IT Services and IT Consulting,https://de.linkedin.com/company/delivery-hero-se,,,,,,,,,,,
linkedin,Sales & Business Development Manager (m/w/d),GÜRİŞ TEKNOLOJİ A.Ş.,"Munich, Bavaria, Germany",2026-07-08,https://www.linkedin.com/jobs/view/4434853397 , ,li-4434853397,fulltime,,,,,,False,mid-senior level,,,,"Technology, Information and Internet",https://www.linkedin.com/company/guri%CC%87steknoloji%CC%87,,,,,,,,,,,
linkedin,Data & Analytics Engineer – Supply Chain & Process Excellence (m/w/d),Peek & Cloppenburg* Düsseldorf,"Düsseldorf, North Rhine-Westphalia, Germany",2026-07-08,https://www.linkedin.com/jobs/view/4408055454 , ,li-4408055454,fulltime,,,,,,False,mid-senior level,Information Technology,,,Retail,https://de.linkedin.com/company/peek-cloppenburg-duesseldorf,,,,,,,,,,,
linkedin,Engineering Manager (Data Direction),Jobgether,,2026-07-08,https://www.linkedin.com/jobs/view/4437062223 , ,li-4437062223,fulltime,,,,,,True,mid-senior level,Engineering and Information Technology,,,Internet Marketplace Platforms,https://be.linkedin.com/company/jobgether,,,,,,,,,,,
linkedin,Manager Business Intelligence & AI (m/w/d) in Frankfurt (Main),Deloitte,"Frankfurt, Hesse, Germany",2026-07-08,https://www.linkedin.com/jobs/view/4298937746 , ,li-4298937746,fulltime,,,,,,True,mid-senior level,"Research, Analyst, and Information Technology",,career@deloitte.de,Business Consulting and Services,https://www.linkedin.com/company/deloitte,,,,,,,,,,,
linkedin,Agentic AI Consultant Public Sector (w/m/d),Capgemini,"Berlin, Berlin, Germany",2026-07-08,https://www.linkedin.com/jobs/view/4438257699 , ,li-4438257699,fulltime,,,,,,False,entry level,"Consulting, Information Technology, and Sales",,career.de@capgemini.com,IT Services and IT Consulting,https://fr.linkedin.com/company/capgemini,,,,,,,,,,,
linkedin,"Deine Chance: Datenmanagement Upskilling - SQL, Microsoft Azure & Power BI für den schnellen Wiedereinstieg",Smart Future Campus,"Hamburg, Hamburg, Germany",2026-07-08,https://www.linkedin.com/jobs/view/4438106723 , ,li-4438106723,fulltime,,,,,,True,entry level,Marketing,,,Advertising Services,https://de.linkedin.com/school/smart-future-campus-gmbh/,,,,,,,,,,,
linkedin,Data Analyst:in,Deutsche Bahn,"Munich, Bavaria, Germany",2026-07-08,https://www.linkedin.com/jobs/view/4438142118 , ,li-4438142118,fulltime,,,,,,False,entry level,Information Technology,,,Truck Transportation,https://de.linkedin.com/company/deutschebahn,,,,,,,,,,,
linkedin,Machine Learning Engineer,Trimble Inc.,,2026-07-08,https://www.linkedin.com/jobs/view/4410081314 , ,li-4410081314,fulltime,,,,,,False,mid-senior level,Other,,careers@trimble.com,Software Development,https://www.linkedin.com/company/trimble,,,,,,,,,,,
linkedin,Senior Data Analyst - Strategy & Insights (f/m/x),exmox GmbH,"Hamburg, Hamburg, Germany",2026-07-08,https://www.linkedin.com/jobs/view/4426821259 , ,li-4426821259,fulltime,,,,,,True,mid-senior level,Information Technology,,,Advertising Services,https://de.linkedin.com/company/exmox,,,,,,,,,,,
linkedin,Business & Market Intelligence Analyst,ABB,"Kork, Baden-Württemberg, Germany",2026-07-08,https://www.linkedin.com/jobs/view/4437039799 , ,li-4437039799,fulltime,,,,,,False,mid-senior level,Marketing and Sales,,,Automation Machinery Manufacturing,https://ch.linkedin.com/company/abb,,,,,,,,,,,
linkedin,Expert Data Science (m/w/d),HSE - Home Shopping Europe GmbH,"Ismaning, Bavaria, Germany",2026-07-08,https://www.linkedin.com/jobs/view/4428473400 , ,li-4428473400,fulltime,,,,,,False,mid-senior level,Engineering and Information Technology,,,Online and Mail Order Retail,https://de.linkedin.com/company/hse,,,,,,,,,,,
linkedin,eCommerce Growth Analyst (all genders),Distribusion Technologies,"Berlin, Germany",2026-07-08,https://www.linkedin.com/jobs/view/4434821630 , ,li-4434821630,fulltime,,,,,,True,mid-senior level,Information Technology,,talent@distribusion.com,"Technology, Information and Internet",https://de.linkedin.com/company/distribusion,,,,,,,,,,,
linkedin,Sr Data Scientist- Stuttgart Germany,"BAE Systems, Inc.",,2026-07-08,https://www.linkedin.com/jobs/view/4434870464 , ,li-4434870464,fulltime,,,,,,False,mid-senior level,Engineering and Information Technology,,,Defense and Space Manufacturing,https://www.linkedin.com/company/baesystemsinc,,,,,,,,,,,
linkedin,Lead Data Architect,LOGEX,"Hamburg, Germany",2026-07-08,https://www.linkedin.com/jobs/view/4438205682 , ,li-4438205682,fulltime,,,,,,False,mid-senior level,Information Technology,,Wesley.schreuder@logex.com,Hospitals and Health Care,https://nl.linkedin.com/company/logex,,,,,,,,,,,
linkedin,Engineering Manager – Software & Data (m/f/d),NDT Global,"Stutensee, Baden-Württemberg, Germany",2026-07-08,https://www.linkedin.com/jobs/view/4422731298 , ,li-4422731298,fulltime,,,,,,False,mid-senior level,Engineering and Information Technology,,,Energy Technology and Oil and Gas,https://ca.linkedin.com/company/ndt-global,,,,,,,,,,,
linkedin,Senior Data Analyst (m/f/d),DISH Digital Solutions,"Düsseldorf, North Rhine-Westphalia, Germany",2026-07-08,https://www.linkedin.com/jobs/view/4438246053 , ,li-4438246053,fulltime,,,,,,False,associate,Information Technology,,,"Technology, Information and Internet and Accommodation and Food Services",https://de.linkedin.com/company/dishdigitalsolutions,,,,,,,,,,,
linkedin,Munich Re Service GmbH - Risk Analytics Consultant (m/f/d)*,Munich Re,"Munich, Bavaria, Germany",2026-07-08,https://www.linkedin.com/jobs/view/4389003501 , ,li-4389003501,fulltime,,,,,,False,associate,Information Technology,,,Insurance,https://de.linkedin.com/company/munich-re,,,,,,,,,,,
linkedin,AI Developer,Jobgether,,2026-07-08,https://www.linkedin.com/jobs/view/4437042821 , ,li-4437042821,fulltime,,,,,,True,mid-senior level,Engineering and Information Technology,,,Internet Marketplace Platforms,https://be.linkedin.com/company/jobgether,,,,,,,,,,,
linkedin,"Staff AI Engineer, Robot Autonomy",Devanthro - the Robody Company,"Munich, Bavaria, Germany",2026-07-08,https://www.linkedin.com/jobs/view/4434829739 , ,li-4434829739,fulltime,,,,,,False,associate,Information Technology,,,Software Development,https://de.linkedin.com/company/robodies,,,,,,,,,,,
linkedin,Java Team Lead,1GLOBAL,"Berlin, Berlin, Germany",2026-07-08,https://www.linkedin.com/jobs/view/4437010831 , ,li-4437010831,fulltime,,,,,,False,mid-senior level,Engineering,,,Non-profit Organizations and Primary and Secondary Education,https://nl.linkedin.com/company/1global,,,,,,,,,,,
linkedin,Senior Data Engineer (Databricks) (m/w/d),CBTW,,2026-07-08,https://www.linkedin.com/jobs/view/4425975785 , ,li-4425975785,fulltime,,,,,,True,associate,Information Technology,,,IT Services and IT Consulting,https://be.linkedin.com/company/collaboration-betters-the-world,,,,,,,,,,,
linkedin,Principal Data Scientist (m/f/d),AutoScout24,"Munich, Bavaria, Germany",2026-07-08,https://www.linkedin.com/jobs/view/4408695257 , ,li-4408695257,fulltime,,,,,,False,mid-senior level,Engineering and Information Technology,,,Software Development,https://de.linkedin.com/company/autoscout24,,,,,,,,,,,
linkedin,Senior Data Engineer (m/w/d),Alexander Thamm [at],"Frankfurt, Hesse, Germany",2026-07-08,https://www.linkedin.com/jobs/view/4437019443 , ,li-4437019443,fulltime,,,,,,False,associate,Information Technology,,,Software Development,https://de.linkedin.com/company/alexander-thamm-gmbh,,,,,,,,,,,
linkedin,Senior Data & AI Engineer (w/m/d),Capgemini,"Berlin, Berlin, Germany",2026-07-08,https://www.linkedin.com/jobs/view/4438260742 , ,li-4438260742,fulltime,,,,,,False,mid-senior level,Engineering and Information Technology,,career.de@capgemini.com,IT Services and IT Consulting,https://fr.linkedin.com/company/capgemini,,,,,,,,,,,
linkedin,Senior Site Reliability Engineer (Hardware Automation),Jobgether,,2026-07-08,https://www.linkedin.com/jobs/view/4436889593 , ,li-4436889593,fulltime,,,,,,False,mid-senior level,Engineering and Information Technology,,,Internet Marketplace Platforms,https://be.linkedin.com/company/jobgether,,,,,,,,,,,
linkedin,Produkt Data Engineer (m/w/d) Analytics,REWE Group,"Cologne, North Rhine-Westphalia, Germany",2026-07-08,https://www.linkedin.com/jobs/view/4381604252 , ,li-4381604252,fulltime,,,,,,False,associate,Information Technology,,,Retail,https://de.linkedin.com/company/rewegroup,,,,,,,,,,,
linkedin,Senior Data Engineer (d/f/m),4flow,"Berlin, Berlin, Germany",2026-07-08,https://www.linkedin.com/jobs/view/4429548358 , ,li-4429548358,fulltime,,,,,,True,mid-senior level,Information Technology,,,"Transportation, Logistics, Supply Chain and Storage",https://de.linkedin.com/company/4flow,,,,,,,,,,,
linkedin,Data Analytics Engineer (m/f/d),Adsquare,"Berlin, Germany",2026-07-08,https://www.linkedin.com/jobs/view/4423664515 , ,li-4423664515,fulltime,,,,,,True,mid-senior level,Advertising,,,Software Development and Advertising Services,https://de.linkedin.com/company/adsquare-gmbh,,,,,,,,,,,
linkedin,Freelance Data Scraping Engineer (Python),Mindrift,"Hamburg, Hamburg, Germany",2026-07-08,https://www.linkedin.com/jobs/view/4438171930 , ,li-4438171930,parttime,,,,,,True,mid-senior level,Other,,,IT Services and IT Consulting,https://www.linkedin.com/company/mindrift-ai,,,,,,,,,,,
linkedin,Freelance Data Scraping Engineer (Python),Mindrift,"Munich, Bavaria, Germany",2026-07-08,https://www.linkedin.com/jobs/view/4438187345 , ,li-4438187345,parttime,,,,,,True,mid-senior level,Other,,,IT Services and IT Consulting,https://www.linkedin.com/company/mindrift-ai,,,,,,,,,,,
linkedin,Senior Data Platform Engineer (d/f/m),Taxfix,"Berlin, Berlin, Germany",2026-07-08,https://www.linkedin.com/jobs/view/4415123007 , ,li-4415123007,fulltime,,,,,,False,mid-senior level,Engineering and Information Technology,,,Financial Services,https://de.linkedin.com/company/taxfix,,,,,,,,,,,
linkedin,Head of Data Engineering (m/w/d),De Gruyter Brill,"Berlin, Germany",2026-07-08,https://www.linkedin.com/jobs/view/4434844023 , ,li-4434844023,fulltime,,,,,,False,associate,Other,,,Book and Periodical Publishing,https://de.linkedin.com/company/de-gruyter-brill,,,,,,,,,,,
linkedin,Senior Engineering Manager & Munich Site Leader (m/f/d),Abbott,"Munich, Bavaria, Germany",2026-07-07,https://www.linkedin.com/jobs/view/4433347558 , ,li-4433347558,fulltime,,,,,,False,director,Research,,,Hospitals and Health Care,https://www.linkedin.com/company/abbott-,,,,,,,,,,,
linkedin,"Machine Learning Engineer, ADAS",Wayve,"Leonberg, Baden-Württemberg, Germany",2026-07-07,https://www.linkedin.com/jobs/view/4434576761 , ,li-4434576761,internship,,,,,,True,entry level,Engineering and Information Technology,,,Software Development,https://uk.linkedin.com/company/wayve-technologies,,,,,,,,,,,
linkedin,Analytics Architect - BI Frontend & Data Experience (w/m/d),Debeka,,2026-07-07,https://www.linkedin.com/jobs/view/4396313016 , ,li-4396313016,fulltime,,,,,,False,entry level,Analyst,,Kristina.Philippsen@debeka.de,Insurance,https://de.linkedin.com/company/debeka,,,,,,,,,,,
linkedin,Consultant Data & Analytics - Data Warehouse & Lakehouse & BI (m/w/d),Schwarz Digits,"Bad Friedrichshall, Baden-Württemberg, Germany",2026-07-07,https://www.linkedin.com/jobs/view/4430891340 , ,li-4430891340,fulltime,,,,,,False,mid-senior level,Information Technology,,,IT Services and IT Consulting,https://de.linkedin.com/company/schwarz-digits,,,,,,,,,,,
linkedin,Data Engineer,Coltech,"Berlin, Germany",2026-07-07,https://www.linkedin.com/jobs/view/4434528152 , ,li-4434528152,contract,,,,,,False,mid-senior level,Engineering,,,IT Services and IT Consulting,https://uk.linkedin.com/company/coltechglobal,,,,,,,,,,,
linkedin,Data Analytics Architect (m/f/d),Redcare Pharmacy,"Cologne, North Rhine-Westphalia, Germany",2026-07-07,https://www.linkedin.com/jobs/view/4416076953 , ,li-4416076953,fulltime,,,,,,True,mid-senior level,Information Technology,,,Software Development and IT Services and IT Consulting,https://nl.linkedin.com/company/redcare-pharmacy-com,,,,,,,,,,,
linkedin,Head of Data Insights Operations (m/f/d),Statista,"Hamburg, Hamburg, Germany",2026-07-07,https://www.linkedin.com/jobs/view/4426992004 , ,li-4426992004,fulltime,,,,,,False,director,Management and Manufacturing,,,"Technology, Information and Media",https://de.linkedin.com/company/statista,,,,,,,,,,,
linkedin,"Business Analyst, Sales Europe",Sandisk,"Munich, Bavaria, Germany",2026-07-07,https://www.linkedin.com/jobs/view/4428852954 , ,li-4428852954,fulltime,,,,,,False,mid-senior level,Analyst,,jobs.accommodations@sandisk.com,Computer Hardware,https://www.linkedin.com/company/sandisk,,,,,,,,,,,
linkedin,Data Management Specialist (d/m/w),Airbus Defence and Space,"Munich, Bavaria, Germany",2026-07-07,https://www.linkedin.com/jobs/view/4434572670 , ,li-4434572670,fulltime,,,,,,False,mid-senior level,Information Technology,,emsom@airbus.com,Defense and Space Manufacturing,https://www.linkedin.com/company/airbus-defence-and-space,,,,,,,,,,,
linkedin,Data Academy: Kostenloses Training zum Data Engineer (m/w/d),Academic Work,"Hamburg, Germany",2026-07-07,https://www.linkedin.com/jobs/view/4437795126 , ,li-4437795126,fulltime,,,,,,True,internship,Engineering,,frag.academy@academicwork.de,Data Infrastructure and Analytics and IT System Data Services,https://se.linkedin.com/company/academic-work,,,,,,,,,,,
linkedin,Advertising Analytics Lead,Microsoft,,2026-07-07,https://www.linkedin.com/jobs/view/4437784565 , ,li-4437784565,fulltime,,,,,,False,not applicable,"Research, Analyst, and Information Technology",,,Software Development,https://www.linkedin.com/company/microsoft,,,,,,,,,,,
linkedin,Senior GenAI Data Scientist (m/f/d),AutoScout24,"Munich, Bavaria, Germany",2026-07-07,https://www.linkedin.com/jobs/view/4408692316 , ,li-4408692316,fulltime,,,,,,False,mid-senior level,Engineering and Information Technology,,,Software Development,https://de.linkedin.com/company/autoscout24,,,,,,,,,,,
linkedin,Team Lead Data Analytics (m/w/d),ZABEL,"Munich, Bavaria, Germany",2026-07-07,https://www.linkedin.com/jobs/view/4437751592 , ,li-4437751592,fulltime,,,,,,False,mid-senior level,Analyst,,e.fiordellisi@zabelglobal.com,Retail,https://de.linkedin.com/company/zabelconsulting,,,,,,,,,,,
linkedin,Senior DevOps / Platform Engineer - 120k€ - 150k€ im ersten Jahr möglich. Starte jetzt mit uns durch!,The Associated Engineers Group,,2026-07-07,https://www.linkedin.com/jobs/view/4437761466 , ,li-4437761466,fulltime,,,,,,True,associate,Information Technology and Engineering,,,IT Services and IT Consulting and Software Development,https://ch.linkedin.com/company/the-associated-engineers-group,,,,,,,,,,,
linkedin,Senior Software Engineer,Instaffo,"Berlin, Berlin, Germany",2026-07-07,https://www.linkedin.com/jobs/view/4437815419 , ,li-4437815419,fulltime,,,,,,False,mid-senior level,Information Technology and Engineering,,,Staffing and Recruiting,https://de.linkedin.com/company/instaffo-gmbh,,,,,,,,,,,
linkedin,"Senior BI / Analytics Engineer, Strategic Accounts",Resmed,"Munich, Bavaria, Germany",2026-07-07,https://www.linkedin.com/jobs/view/4437844263 , ,li-4437844263,fulltime,,,,,,False,mid-senior level,Information Technology,,,"Software Development, IT Services and IT Consulting, and Medical Equipment Manufacturing",https://www.linkedin.com/company/resmed,,,,,,,,,,,
linkedin,"Senior Software Engineer, Applied AI",NVIDIA,"Munich, Bavaria, Germany",2026-07-07,https://www.linkedin.com/jobs/view/4427773536 , ,li-4427773536,fulltime,,,,,,False,mid-senior level,Engineering,,,Computer Hardware Manufacturing,https://www.linkedin.com/company/nvidia,,,,,,,,,,,
linkedin,"Director, EMEA Data Partnerships",WPP,"Düsseldorf, North Rhine-Westphalia, Germany",2026-07-07,https://www.linkedin.com/jobs/view/4426460131 , ,li-4426460131,fulltime,,,,,,False,director,Business Development and Sales,,,Advertising Services,https://www.linkedin.com/company/wpp,,,,,,,,,,,
linkedin,AI Full Stack Software Engineer im E-Commerce Startup (E-Commerce & Data),Sayano Deutschland GmbH,"Stuttgart, Baden-Württemberg, Germany",2026-07-07,https://www.linkedin.com/jobs/view/4435643093 , ,li-4435643093,fulltime,,,,,,False,mid-senior level,Information Technology,,,Retail,https://de.linkedin.com/company/sayano,,,,,,,,,,,
linkedin,Applied Physics,Alignerr,,2026-07-07,https://www.linkedin.com/jobs/view/4437710273 , ,li-4437710273,contract,,,,,,True,mid-senior level,"Research, Analyst, and Information Technology",,,"Technology, Information and Internet",https://www.linkedin.com/company/alignerr,,,,,,,,,,,
linkedin,Power BI / Microsoft Power Platform Consultant (m/w/d),YER Deutschland,"Essen, North Rhine-Westphalia, Germany",2026-07-06,https://www.linkedin.com/jobs/view/4437407863 , ,li-4437407863,contract,,,,,,False,associate,Information Technology,,,Energy Technology,https://de.linkedin.com/company/yerdeutschland,,,,,,,,,,,
linkedin,Data Analyst Assistant,Alpine Business Consulting,"Hamburg, Hamburg, Germany",2026-07-06,https://www.linkedin.com/jobs/view/4436091403 , ,li-4436091403,fulltime,,,,,,True,entry level,Information Technology,,,IT Services and IT Consulting,https://ch.linkedin.com/company/alpine-businessconsulting,,,,,,,,,,,
linkedin,Product Co-Founder | Competitive Intelligence AI Platform,IndustryLens,,2026-07-06,https://www.linkedin.com/jobs/view/4433965400 , ,li-4433965400,fulltime,,,,,,True,executive,General Business,,,IT Services and IT Consulting,https://de.linkedin.com/company/industrylens,,,,,,,,,,,
linkedin,Senior Lead - PTech Analytics (d/f/m),Personio,"Berlin, Berlin, Germany",2026-07-06,https://www.linkedin.com/jobs/view/4433945276 , ,li-4433945276,fulltime,,,,,,True,mid-senior level,"Research, Analyst, and Information Technology",,,Software Development,https://de.linkedin.com/company/personio,,,,,,,,,,,
linkedin,Product Analyst (w/m/d),1&1,"Montabaur, Rhineland-Palatinate, Germany",2026-07-06,https://www.linkedin.com/jobs/view/4436226079 , ,li-4436226079,fulltime,,,,,,False,mid-senior level,Analyst and Product Management,,,Telecommunications,https://de.linkedin.com/company/1und1de,,,,,,,,,,,
linkedin,Senior Lead - PTech Analytics (d/f/m),Personio,"Munich, Bavaria, Germany",2026-07-06,https://www.linkedin.com/jobs/view/4433931592 , ,li-4433931592,fulltime,,,,,,True,mid-senior level,"Research, Analyst, and Information Technology",,,Software Development,https://de.linkedin.com/company/personio,,,,,,,,,,,
linkedin,BI Engineer: Power BI & SQL (m/w/d),Trassets,"Hamburg, Hamburg, Germany",2026-07-06,https://www.linkedin.com/jobs/view/4433959336 , ,li-4433959336,fulltime,,,,,,False,mid-senior level,Information Technology,,,Software Development,https://de.linkedin.com/company/trassets,,,,,,,,,,,
linkedin,(Junior) Quantitative Risk Analyst - Asset & Liability Risk Methods (f/m/d),Hamburg Commercial Bank,"Hamburg, Hamburg, Germany",2026-07-06,https://www.linkedin.com/jobs/view/4436218475 , ,li-4436218475,fulltime,,,,,,False,entry level,Other,,,Financial Services,https://de.linkedin.com/company/hamburg-commercial-bank,,,,,,,,,,,
linkedin,Team Lead Data Science (f/m/x),Enpal,"Berlin, Berlin, Germany",2026-07-06,https://www.linkedin.com/jobs/view/4437446188 , ,li-4437446188,fulltime,,,,,,False,mid-senior level,Information Technology,,,Energy Technology,https://de.linkedin.com/company/enpal,,,,,,,,,,,
linkedin,"Data Engineer II, Python - (Logistics, Data & ML)",Delivery Hero,"Berlin, Berlin, Germany",2026-07-06,https://www.linkedin.com/jobs/view/4436086706 , ,li-4436086706,fulltime,,,,,,False,mid-senior level,Information Technology,,inclusion@deliveryhero.com,Software Development and IT Services and IT Consulting,https://de.linkedin.com/company/delivery-hero-se,,,,,,,,,,,
linkedin,"Quantitative Developer, Systematic Power Trading",Engelhart,"Berlin, Berlin, Germany",2026-07-06,https://www.linkedin.com/jobs/view/4437422051 , ,li-4437422051,fulltime,,,,,,False,entry level,Design and Engineering,,,"Spectator Sports, Software Development, and Information Services",https://uk.linkedin.com/company/engelhart-commodities-trading-partners,,,,,,,,,,,
linkedin,Senior Data Engineer (f/m/d),VOIDS,"Hamburg, Hamburg, Germany",2026-07-06,https://www.linkedin.com/jobs/view/4433949618 , ,li-4433949618,fulltime,,,,,,False,associate,Information Technology,,,Software Development,https://de.linkedin.com/company/v-o-i-d-s,,,,,,,,,,,
linkedin,(Senior) Data Engineer - Data Platform (m/f/d),Unzer,"Berlin, Berlin, Germany",2026-07-06,https://www.linkedin.com/jobs/view/4437417123 , ,li-4437417123,fulltime,,,,,,True,mid-senior level,Information Technology and Engineering,,,Financial Services,https://de.linkedin.com/company/unzer,,,,,,,,,,,
linkedin,Data Engineer (all genders) in Berlin,Instaffo,"Berlin, Berlin, Germany",2026-07-06,https://www.linkedin.com/jobs/view/4376133472 , ,li-4376133472,fulltime,,,,,,False,mid-senior level,Analyst and Information Technology,,,Staffing and Recruiting,https://de.linkedin.com/company/instaffo-gmbh,,,,,,,,,,,
linkedin,"Lead Agentic Systems Engineer - Frankfurt - €120,000-€140,000",Findr,"Frankfurt am Main, Hesse, Germany",2026-07-06,https://www.linkedin.com/jobs/view/4437427259 , ,li-4437427259,fulltime,,,,,,False,mid-senior level,"Engineering, Information Technology, and Analyst",,,"Software Development, IT System Custom Software Development, and Technology, Information and Media",https://de.linkedin.com/company/findr-tech,,,,,,,,,,,
linkedin,Product Manager,Consultport,"Berlin, Berlin, Germany",2026-07-06,https://www.linkedin.com/jobs/view/4433931490 , ,li-4433931490,fulltime,,,,,,False,director,Product Management,,,Professional Services,https://de.linkedin.com/company/consultport,,,,,,,,,,,
linkedin,Knowledge and Ontology Engineer - Insurance (m/f/d)*,Munich Re,"Munich, Bavaria, Germany",2026-07-06,https://www.linkedin.com/jobs/view/4369610889 , ,li-4369610889,fulltime,,,,,,False,associate,Information Technology,,,Insurance,https://de.linkedin.com/company/munich-re,,,,,,,,,,,
linkedin,Marketing Data Analyst (all genders),Sunday Natural,"Berlin, Berlin, Germany",2026-07-06,https://www.linkedin.com/jobs/view/4437439563 , ,li-4437439563,fulltime,,,,,,False,mid-senior level,Information Technology,,,"Health, Wellness & Fitness",https://www.linkedin.com/company/sunday-natural-products-gmbh,,,,,,,,,,,
linkedin,SAP Data Migration Expert (all genders),Accenture DACH,"Kronberg, Hesse, Germany",2026-07-06,https://www.linkedin.com/jobs/view/4436055948 , ,li-4436055948,fulltime,,,,,,False,mid-senior level,Strategy/Planning and Information Technology,,_germany@accenture.com,Business Consulting and Services,https://de.linkedin.com/company/accenture-dach,,,,,,,,,,,
linkedin,"Data Science & Business Analytics, praxisnah lernen, 100 % Remote (Weiterbildung)",DataSmart Point GmbH,,2026-07-05,https://www.linkedin.com/jobs/view/4433793714 , ,li-4433793714,fulltime,,,,,,True,entry level,Information Technology,,,Professional Training and Coaching,https://de.linkedin.com/school/datasmartpoint/,,,,,,,,,,,
linkedin,AI Automation Specialist,Jobgether,,2026-07-05,https://www.linkedin.com/jobs/view/4436034788 , ,li-4436034788,fulltime,,,,,,True,entry level,Engineering and Information Technology,,,Internet Marketplace Platforms,https://be.linkedin.com/company/jobgether,,,,,,,,,,,
linkedin,Head of Engineering,Jobgether,,2026-07-05,https://www.linkedin.com/jobs/view/4436030946 , ,li-4436030946,fulltime,,,,,,True,director,Engineering and Information Technology,,,Internet Marketplace Platforms,https://be.linkedin.com/company/jobgether,,,,,,,,,,,
linkedin,Senior Agentic AI Engineer (f/m/x),BMW Group,"Munich, Bavaria, Germany",2026-07-05,https://www.linkedin.com/jobs/view/4414805630 , ,li-4414805630,fulltime,,,,,,False,mid-senior level,Engineering and Information Technology,,,Motor Vehicle Manufacturing,https://de.linkedin.com/company/bmw-group,,,,,,,,,,,
linkedin,Project Manager,Cognite,"Düsseldorf, North Rhine-Westphalia, Germany",2026-07-05,https://www.linkedin.com/jobs/view/4345908395 , ,li-4345908395,fulltime,,,,,,False,mid-senior level,Project Management and Information Technology,,,"Construction, Software Development, and IT Services and IT Consulting",https://www.linkedin.com/company/cognitedata,,,,,,,,,,,
linkedin,Senior Software Engineer (Platform),OWKIN,"Berlin, Germany",2026-07-05,https://www.linkedin.com/jobs/view/4398168799 , ,li-4398168799,fulltime,,,,,,True,mid-senior level,Information Technology,,hiring@owkin.com,"Technology, Information and Internet",https://www.linkedin.com/company/owkin,,,,,,,,,,,
linkedin,"Senior Consultant, Professional Services",Jobgether,,2026-07-05,https://www.linkedin.com/jobs/view/4436046411 , ,li-4436046411,fulltime,,,,,,True,mid-senior level,Information Technology,,,Internet Marketplace Platforms,https://be.linkedin.com/company/jobgether,,,,,,,,,,,
linkedin,"Data Analytics, Data Science & AI Weiterbildung mit IHK-Abschluss | 100 % Remote",DataSmart Point GmbH,,2026-07-05,https://www.linkedin.com/jobs/view/4433795661 , ,li-4433795661,fulltime,,,,,,True,entry level,Information Technology,,,Professional Training and Coaching,https://de.linkedin.com/school/datasmartpoint/,,,,,,,,,,,
linkedin,Project Manager,Cognite,"Hamburg, Hamburg, Germany",2026-07-05,https://www.linkedin.com/jobs/view/4345956792 , ,li-4345956792,fulltime,,,,,,False,mid-senior level,Project Management and Information Technology,,,"Construction, Software Development, and IT Services and IT Consulting",https://www.linkedin.com/company/cognitedata,,,,,,,,,,,
linkedin,Data Engineer - Digital Health Excellence Center (w/m/d),EY,"Hamburg, Hamburg, Germany",2026-07-04,https://www.linkedin.com/jobs/view/4385073954 , ,li-4385073954,fulltime,,,,,,False,mid-senior level,Information Technology,,,Professional Services,https://uk.linkedin.com/company/ernstandyoung,,,,,,,,,,,
linkedin,Product Data Scientist — AI Evaluation & Quality (Remote),Finom,"Berlin, Berlin, Germany",2026-07-04,https://www.linkedin.com/jobs/view/4436921223 , ,li-4436921223,fulltime,,,,,,True,mid-senior level,Engineering and Information Technology,,,Financial Services,https://nl.linkedin.com/company/finomhq,,,,,,,,,,,
linkedin,Consultant (w/m/d) BI & Analytics (all levels),Horváth,"Stuttgart, Baden-Württemberg, Germany",2026-07-04,https://www.linkedin.com/jobs/view/3580585619 , ,li-3580585619,fulltime,,,,,,True,not applicable,Management and Consulting,,,Business Consulting and Services,https://de.linkedin.com/company/horvathpartners,,,,,,,,,,,
linkedin,(Junior) Business Intelligence Developer - Data Warehouse (m/f/d),HELM AG,"Hamburg, Hamburg, Germany",2026-07-04,https://www.linkedin.com/jobs/view/4426971920 , ,li-4426971920,fulltime,,,,,,False,entry level,Information Technology,,,Chemical Manufacturing,https://de.linkedin.com/company/helmag,,,,,,,,,,,
linkedin,CAE Engineer,Laveer Engineering,"Mannheim, Baden-Württemberg, Germany",2026-07-04,https://www.linkedin.com/jobs/view/4436946076 , ,li-4436946076,fulltime,,,,,,False,mid-senior level,Engineering and Information Technology,,,Industrial Machinery Manufacturing,https://ca.linkedin.com/company/laveer-engineering,,,,,,,,,,,
linkedin,Requirements and Verification Systems Engineer,Large Space Structures GmbH,"Garching, Bavaria, Germany",2026-07-04,https://www.linkedin.com/jobs/view/4433736934 , ,li-4433736934,fulltime,,,,,,False,associate,Engineering,,,Government Administration,https://de.linkedin.com/company/largespace,,,,,,,,,,,
linkedin,Head of Data & AI,Jobgether,,2026-07-04,https://www.linkedin.com/jobs/view/4435718664 , ,li-4435718664,fulltime,,,,,,True,director,Engineering and Information Technology,,,Internet Marketplace Platforms,https://be.linkedin.com/company/jobgether,,,,,,,,,,,
linkedin,Data & Backend Engineer (f/m/d),Inverto | A BCG Company,"Cologne, North Rhine-Westphalia, Germany",2026-07-04,https://www.linkedin.com/jobs/view/4416551278 , ,li-4416551278,fulltime,,,,,,False,mid-senior level,Engineering and Information Technology,,,Business Consulting and Services,https://de.linkedin.com/company/inverto-gmbh,,,,,,,,,,,
linkedin,(Junior) Business Intelligence Developer - Data Warehouse (m/w/d),HELM AG,"Hamburg, Hamburg, Germany",2026-07-04,https://www.linkedin.com/jobs/view/4426966985 , ,li-4426966985,fulltime,,,,,,False,entry level,Information Technology,,,Chemical Manufacturing,https://de.linkedin.com/company/helmag,,,,,,,,,,,
linkedin,Senior Python Developer (all genders),Sunday Natural,"Berlin, Berlin, Germany",2026-07-04,https://www.linkedin.com/jobs/view/4387397879 , ,li-4387397879,fulltime,,,,,,False,mid-senior level,Engineering and Information Technology,,,"Health, Wellness & Fitness",https://www.linkedin.com/company/sunday-natural-products-gmbh,,,,,,,,,,,
linkedin,Senior AI Engineer - REMOTE,The Owners Forum,,2026-07-04,https://www.linkedin.com/jobs/view/4436318993 , ,li-4436318993,fulltime,,,,,,True,mid-senior level,Engineering and Information Technology,,,Events Services,https://de.linkedin.com/company/the-owners-forum-gmbh,,,,,,,,,,,
linkedin,Data Architect - Digital Health Excellence Center (w/m/d),EY,"Hamburg, Hamburg, Germany",2026-07-04,https://www.linkedin.com/jobs/view/4385075882 , ,li-4385075882,fulltime,,,,,,False,mid-senior level,Engineering and Information Technology,,,Professional Services,https://uk.linkedin.com/company/ernstandyoung,,,,,,,,,,,
linkedin,"Data Center Engineering Operations Technician (m/f/d), Data Center Engineering Operations",Amazon Web Services (AWS),"Ludwigsfelde, Brandenburg, Germany",2026-07-04,https://www.linkedin.com/jobs/view/4387444855 , ,li-4387444855,fulltime,,,,,,False,not applicable,"Information Technology, Consulting, and Engineering",,,IT Services and IT Consulting,https://www.linkedin.com/company/amazon-web-services,,,,,,,,,,,
linkedin,"Staff Backend Engineer – Python & Distributed Systems | EU, Remote",C&D Talent Advisory - Academy,"Munich, Bavaria, Germany",2026-07-04,https://www.linkedin.com/jobs/view/4435796584 , ,li-4435796584,fulltime,description,yearly,160000.0,190000.0,USD,True,not applicable,Engineering and Information Technology,,,Language Schools,https://www.linkedin.com/company/c-d-talent-advisory,,,,,,,,,,,
linkedin,Senior Backend-Developer (m/w/d),Instaffo,"Villingen, Baden-Württemberg, Germany",2026-07-04,https://www.linkedin.com/jobs/view/4339038216 , ,li-4339038216,fulltime,,,,,,False,mid-senior level,Information Technology and Engineering,,,Staffing and Recruiting,https://de.linkedin.com/company/instaffo-gmbh,,,,,,,,,,,
linkedin,Data Engineer (m/w/d),MUUUH!,"Osnabrück, Lower Saxony, Germany",2026-07-03,https://www.linkedin.com/jobs/view/4433189258 , ,li-4433189258,fulltime,,,,,,False,associate,Information Technology,,karriere@muuuh.de,Software Development,https://de.linkedin.com/company/muuuh-group,,,,,,,,,,,
linkedin,Power BI / Data & Reporting Specialist (all gender) – Microsoft Power Platform & Dataverse 700,ALTEN Germany,,2026-07-03,https://www.linkedin.com/jobs/view/4433174378 , ,li-4433174378,fulltime,,,,,,False,entry level,Engineering,,,Machinery Manufacturing and Aviation and Aerospace Component Manufacturing,https://de.linkedin.com/company/altengermany,,,,,,,,,,,
linkedin,Data Engineer - Digital Health Excellence Center (w/m/d),EY,"Berlin, Berlin, Germany",2026-07-03,https://www.linkedin.com/jobs/view/4385092199 , ,li-4385092199,fulltime,,,,,,False,mid-senior level,Information Technology,,,Professional Services,https://uk.linkedin.com/company/ernstandyoung,,,,,,,,,,,
linkedin,Databricks Spezialist (m/w/d),HERRMANN Personaldienste GmbH,"Cologne, North Rhine-Westphalia, Germany",2026-07-03,https://www.linkedin.com/jobs/view/4436700396 , ,li-4436700396,fulltime,,,,,,False,associate,Information Technology,,,Insurance,https://de.linkedin.com/company/herrmann-personaldienste,,,,,,,,,,,
linkedin,Data Analyst - Technical Quality & Customer Insights (m/f/d),Advantest,"Böblingen, Baden-Württemberg, Germany",2026-07-03,https://www.linkedin.com/jobs/view/4436795741 , ,li-4436795741,fulltime,,,,,,False,entry level,Information Technology,,,Semiconductor Manufacturing,https://jp.linkedin.com/company/advantest,,,,,,,,,,,
linkedin,Data Engineer,Booz Allen Hamilton,"Stuttgart, Baden-Württemberg, Germany",2026-07-03,https://www.linkedin.com/jobs/view/4427635111 , ,li-4427635111,fulltime,,,,,,True,not applicable,Information Technology,,,Software Development,https://www.linkedin.com/company/booz-allen-hamilton,,,,,,,,,,,
linkedin,Data Analytics/Cloud Application Developer,MSA - The Safety Company,"Berlin, Berlin, Germany",2026-07-03,https://www.linkedin.com/jobs/view/4413631521 , ,li-4413631521,fulltime,,,,,,False,associate,Engineering and Information Technology,,,Public Safety,https://www.linkedin.com/company/msa-the-safety-company,,,,,,,,,,,
linkedin,AI Transformation Manager (m/w/d),XXXLdigital – Part of XXXL Group,"Berlin, Berlin, Germany",2026-07-03,https://www.linkedin.com/jobs/view/4433176294 , ,li-4433176294,fulltime,,,,,,False,mid-senior level,Other,,,IT Services and IT Consulting,https://at.linkedin.com/company/xxxldigital,,,,,,,,,,,
linkedin,Applied Scientist (all genders) - B2B Data Science and Algorithms,Zalando,"Berlin, Berlin, Germany",2026-07-03,https://www.linkedin.com/jobs/view/4427553587 , ,li-4427553587,fulltime,,,,,,False,entry level,"Research, Analyst, and Information Technology",,,"Technology, Information and Internet, Retail, and IT Services and IT Consulting",https://de.linkedin.com/company/zalando,,,,,,,,,,,
linkedin,Global Business Analyst (m/f/d),Trench Group,"Berlin, Germany",2026-07-03,https://www.linkedin.com/jobs/view/4407457691 , ,li-4407457691,contract,,,,,,False,mid-senior level,Business Development and Sales,,,"Industrial Machinery Manufacturing, Renewable Energy Equipment Manufacturing, and Semiconductor Manufacturing",https://de.linkedin.com/company/trench-group,,,,,,,,,,,
linkedin,Senior Consultant Data Science (w/m/d),KPMG Deutschland,"Berlin, Berlin, Germany",2026-07-03,https://www.linkedin.com/jobs/view/4435411896 , ,li-4435411896,fulltime,,,,,,False,associate,"Consulting, Information Technology, and Sales",,,Business Consulting and Services,https://de.linkedin.com/company/kpmg-deutschland,,,,,,,,,,,
linkedin,Teamlead / Manager BI & Analytics,Pertemps Network Group,"Hamburg, Germany",2026-07-03,https://www.linkedin.com/jobs/view/4436496923 , ,li-4436496923,fulltime,,,,,,False,mid-senior level,Information Technology,,,IT Services and IT Consulting,https://uk.linkedin.com/company/pertemps,,,,,,,,,,,
linkedin,Data & AI Strategy Consultant (m/w/d),eduBITES,"Berlin, Berlin, Germany",2026-07-03,https://www.linkedin.com/jobs/view/4435429434 , ,li-4435429434,fulltime,,,,,,False,mid-senior level,Business Development and Sales,,,Software Development,https://de.linkedin.com/company/edubites,,,,,,,,,,,
linkedin,Engineering Lead - Supply Chain Data Platform (m/w/d),Schwarz Digits,"Berlin, Berlin, Germany",2026-07-02,https://www.linkedin.com/jobs/view/4435251467 , ,li-4435251467,fulltime,,,,,,False,mid-senior level,Management and Manufacturing,,,IT Services and IT Consulting,https://de.linkedin.com/company/schwarz-digits,,,,,,,,,,,
linkedin,Product Owner Business Intelligence,HDI Group,"Hannover, Lower Saxony, Germany",2026-07-02,https://www.linkedin.com/jobs/view/4436374637 , ,li-4436374637,fulltime,,,,,,True,mid-senior level,Product Management and Marketing,,,Insurance,https://de.linkedin.com/company/hdigroup,,,,,,,,,,,
linkedin,Cloud Data Engineer (m/w/d),Dataciders GmbH,"Berlin, Berlin, Germany",2026-07-02,https://www.linkedin.com/jobs/view/4436434778 , ,li-4436434778,fulltime,,,,,,True,entry level,Information Technology,,,IT Services and IT Consulting,https://de.linkedin.com/company/dataciders,,,,,,,,,,,
linkedin,Data Engineer,Booz Allen Hamilton,"Ramstein, Rhineland-Palatinate, Germany",2026-07-02,https://www.linkedin.com/jobs/view/4436408560 , ,li-4436408560,fulltime,,,,,,True,not applicable,Information Technology,,,Software Development,https://www.linkedin.com/company/booz-allen-hamilton,,,,,,,,,,,
linkedin,Senior Data Analyst (Digital Marketing Data Focus) (all genders),INNOCEAN Europe,"Frankfurt am Main, Hesse, Germany",2026-07-02,https://www.linkedin.com/jobs/view/4436397189 , ,li-4436397189,fulltime,,,,,,True,mid-senior level,Marketing,,,Advertising Services,https://de.linkedin.com/company/innocean-worlwide-europe,,,,,,,,,,,
linkedin,Manager Data Platform & Analytics Operations,PUMA Group,"Herzogenaurach, Bavaria, Germany",2026-07-02,https://www.linkedin.com/jobs/view/4436399027 , ,li-4436399027,fulltime,,,,,,False,associate,Project Management and Information Technology,,,Retail,https://de.linkedin.com/company/puma,,,,,,,,,,,
linkedin,Data Engineer (m/w/d),XXXLdigital – Part of XXXL Group,"Munich, Bavaria, Germany",,https://www.linkedin.com/jobs/view/4435684797 , ,li-4435684797,fulltime,,,,,,True,mid-senior level,Information Technology,,,IT Services and IT Consulting,https://at.linkedin.com/company/xxxldigital,,,,,,,,,,,
linkedin,Data Engineer – Databricks (m/w/d),areto.,"Berlin, Berlin, Germany",,https://www.linkedin.com/jobs/view/4435654462 , ,li-4435654462,fulltime,,,,,,False,associate,Information Technology,,karriere@areto.de,Software Development,https://de.linkedin.com/company/areto.,,,,,,,,,,,
linkedin,Staff Data Scientist,ZABEL,"Munich, Bavaria, Germany",,https://www.linkedin.com/jobs/view/4438671436 , ,li-4438671436,fulltime,,,,,,False,mid-senior level,Science and Product Management,,e.fiordellisi@zabelglobal.com,Retail and Marketing Services,https://de.linkedin.com/company/zabelconsulting,,,,,,,,,,,
linkedin,AI Enablement Lead [gn] Data Intelligence,Jobgether,,,https://www.linkedin.com/jobs/view/4437572948 , ,li-4437572948,fulltime,,,,,,True,mid-senior level,Information Technology,,,Internet Marketplace Platforms,https://be.linkedin.com/company/jobgether,,,,,,,,,,,
linkedin,Business Data Steward,Infinity Quest,,,https://www.linkedin.com/jobs/view/4438631587 , ,li-4438631587,contract,,,,,,True,mid-senior level,Information Technology,,,IT Services and IT Consulting,https://uk.linkedin.com/company/infinityquest,,,,,,,,,,,
linkedin,Data Engineer (m/w/d) Unit Lead,evoila,,,https://www.linkedin.com/jobs/view/4435643741 , ,li-4435643741,fulltime,,,,,,False,director,Information Technology,,,IT Services and IT Consulting,https://de.linkedin.com/company/evoila-group,,,,,,,,,,,
linkedin,Cloud Data and AI Engineer,Haystack,"Essen, North Rhine-Westphalia, Germany",,https://www.linkedin.com/jobs/view/4435656060 , ,li-4435656060,fulltime,,,,,,False,mid-senior level,Engineering and Information Technology,,,"Technology, Information and Internet",https://uk.linkedin.com/company/wearehaystack,,,,,,,,,,,
linkedin,Molecular & Fluid Dynamics Engineer,FS Dynamics,,,https://www.linkedin.com/jobs/view/4438597280 , ,li-4438597280,fulltime,,,,,,False,entry level,"Science, Engineering, and Analyst",,recruitment@fsdynamics.de,"Semiconductor Manufacturing, Chemical Manufacturing, and Industrial Machinery Manufacturing",https://se.linkedin.com/company/fs-dynamics,,,,,,,,,,,
linkedin,Software Engineer (AI Training),Alignerr,"Nuremberg, Bavaria, Germany",,https://www.linkedin.com/jobs/view/4438555388 , ,li-4438555388,contract,,,,,,True,entry level,Engineering and Information Technology,,,"Technology, Information and Internet",https://www.linkedin.com/company/alignerr,,,,,,,,,,,
linkedin,Full Stack Engineer,Nooxit,,,https://www.linkedin.com/jobs/view/4435672008 , ,li-4435672008,fulltime,,,,,,True,associate,Information Technology,,,Software Development,https://de.linkedin.com/company/nooxit,,,,,,,,,,,
linkedin,Software Engineer (AI Training),Alignerr,"Düsseldorf, North Rhine-Westphalia, Germany",,https://www.linkedin.com/jobs/view/4438561049 , ,li-4438561049,contract,,,,,,True,entry level,Engineering and Information Technology,,,"Technology, Information and Internet",https://www.linkedin.com/company/alignerr,,,,,,,,,,,
linkedin,Data Architect (m/f/d/x) Microsoft Fabric & AI,T-Systems International,"Bonn, North Rhine-Westphalia, Germany",,https://www.linkedin.com/jobs/view/4436755903 , ,li-4436755903,fulltime,,,,,,False,mid-senior level,Engineering and Information Technology,,,Telecommunications,https://de.linkedin.com/company/t-systems,,,,,,,,,,,
linkedin,Head of Data Platform Engineering (alle Geschlechter),OBI Group Holding,"Cologne, North Rhine-Westphalia, Germany",,https://www.linkedin.com/jobs/view/4435665843 , ,li-4435665843,fulltime,,,,,,False,mid-senior level,Engineering and Information Technology,,,Retail,https://de.linkedin.com/company/obi,,,,,,,,,,,
linkedin,"Senior Data Engineer (Modern Data Platform & AI) (all genders) | Berlin, hybrid or remote",Aroundhome,"Berlin, Berlin, Germany",,https://www.linkedin.com/jobs/view/4429831575 , ,li-4429831575,fulltime,,,,,,True,associate,Information Technology,,jobs@aroundhome.de,"Technology, Information and Internet",https://de.linkedin.com/company/aroundhome,,,,,,,,,,,
linkedin,Data Operations Engineer (F/M/D/),NavVis,"Munich, Bavaria, Germany",,https://www.linkedin.com/jobs/view/4438679433 , ,li-4438679433,fulltime,,,,,,False,mid-senior level,Engineering and Information Technology,,,"Technology, Information and Internet",https://de.linkedin.com/company/navvis,,,,,,,,,,,
linkedin,Data Architect (m/w/d),Instaffo,"Hamburg, Hamburg, Germany",,https://www.linkedin.com/jobs/view/4428876462 , ,li-4428876462,fulltime,,,,,,False,mid-senior level,Analyst and Information Technology,,,Staffing and Recruiting,https://de.linkedin.com/company/instaffo-gmbh,,,,,,,,,,,
linkedin,Senior Research Engineer (Code World Models),JetBrains,"Munich, Bavaria, Germany",,https://www.linkedin.com/jobs/view/4427345637 , ,li-4427345637,fulltime,,,,,,False,mid-senior level,Engineering and Information Technology,,,Software Development,https://nl.linkedin.com/company/jetbrains,,,,,,,,,,,
linkedin,Back End Developer (AI Infrastructure),Alignerr,"Berlin, Berlin, Germany",,https://www.linkedin.com/jobs/view/4438556330 , ,li-4438556330,contract,,,,,,True,entry level,Engineering and Information Technology,,,"Technology, Information and Internet",https://www.linkedin.com/company/alignerr,,,,,,,,,,,
linkedin,Back End Developer (AI Infrastructure),Alignerr,"Munich, Bavaria, Germany",,https://www.linkedin.com/jobs/view/4438546641 , ,li-4438546641,contract,,,,,,True,entry level,Engineering and Information Technology,,,"Technology, Information and Internet",https://www.linkedin.com/company/alignerr,,,,,,,,,,,
linkedin,Build Infrastructure Engineer (JetBrains IDEs),JetBrains,"Berlin, Berlin, Germany",,https://www.linkedin.com/jobs/view/4435685393 , ,li-4435685393,fulltime,,,,,,True,entry level,Information Technology,,,Software Development,https://nl.linkedin.com/company/jetbrains,,,,,,,,,,,
linkedin,Software Development Engineer,Adobe,"Hamburg, Hamburg, Germany",,https://www.linkedin.com/jobs/view/4428762706 , ,li-4428762706,fulltime,,,,,,True,mid-senior level,Engineering and Information Technology,,accommodations@adobe.com,Software Development,https://www.linkedin.com/company/adobe,,,,,,,,,,,
linkedin,Remote Finance & Research Analyst ($100/hr),Turing,,,https://www.linkedin.com/jobs/view/4438285558 , ,li-4438285558,contract,,,,,,True,entry level,"Research, Analyst, and Information Technology",,,Software Development,https://www.linkedin.com/company/turingcom,,,,,,,,,,,
linkedin,Data Scientist,Lloyds Bank Deutschland,"Berlin, Germany",,https://www.linkedin.com/jobs/view/4437542173 , ,li-4437542173,fulltime,,,,,,False,mid-senior level,Analyst,,,Financial Services,https://de.linkedin.com/company/lloyds-bank-gmbh,,,,,,,,,,,
linkedin,People Data & Systems Advisor,Marley Spoon,"Berlin, Berlin, Germany",,https://www.linkedin.com/jobs/view/4437058301 , ,li-4437058301,other,,,,,,False,not applicable,Information Technology,,,Food and Beverage Services,https://de.linkedin.com/company/marley-spoon,,,,,,,,,,,
linkedin,Data Scientist (m/w/d),CKM Group,"Berlin, Berlin, Germany",,https://www.linkedin.com/jobs/view/4435656887 , ,li-4435656887,fulltime,,,,,,False,entry level,Information Technology,,career@ckmgroup.de,Hospitals and Health Care,https://de.linkedin.com/company/ckmgroup,,,,,,,,,,,
linkedin,Data Analyst / BI & Business Analytics (m/w/d),LIST Gruppe,"Nordhorn, Lower Saxony, Germany",,https://www.linkedin.com/jobs/view/4430572344 , ,li-4430572344,fulltime,,,,,,False,associate,Information Technology,,,Real Estate and Construction,https://de.linkedin.com/company/list-gruppe,,,,,,,,,,,
linkedin,"Data Analyst — Maternity Cover, 12 Months",Rugvista AB,"Berlin, Berlin, Germany",,https://www.linkedin.com/jobs/view/4438619588 , ,li-4438619588,other,,,,,,False,not applicable,Information Technology,,,Online and Mail Order Retail,https://se.linkedin.com/company/rugvista,,,,,,,,,,,
linkedin,Lead Marketing Analyst,Jobgether,,,https://www.linkedin.com/jobs/view/4437391448 , ,li-4437391448,fulltime,,,,,,True,associate,Marketing and Sales,,,Internet Marketplace Platforms,https://be.linkedin.com/company/jobgether,,,,,,,,,,,
linkedin,Senior Data Scientist (m/w/d),ZABEL,"Munich, Bavaria, Germany",,https://www.linkedin.com/jobs/view/4438668370 , ,li-4438668370,fulltime,,,,,,False,mid-senior level,Science and General Business,,e.fiordellisi@zabelglobal.com,Retail and Internet Marketplace Platforms,https://de.linkedin.com/company/zabelconsulting,,,,,,,,,,,
linkedin,Commercial Insights Analyst,Essity,"Munich, Bavaria, Germany",,https://www.linkedin.com/jobs/view/4427392345 , ,li-4427392345,fulltime,,,,,,False,not applicable,"Research, Analyst, and Information Technology",,EssityHRNorthAmerica@essity.com,Manufacturing,https://se.linkedin.com/company/essity,,,,,,,,,,,
linkedin,Founding Data Engineer (Analytics Platform),Jobgether,,,https://www.linkedin.com/jobs/view/4437549285 , ,li-4437549285,fulltime,,,,,,True,mid-senior level,Information Technology,,,Internet Marketplace Platforms,https://be.linkedin.com/company/jobgether,,,,,,,,,,,
linkedin,Campaign Analytics Manager (Mensch),WPP Media,"Munich, Bavaria, Germany",,https://www.linkedin.com/jobs/view/4435687127 , ,li-4435687127,fulltime,,,,,,True,mid-senior level,"Research, Analyst, and Information Technology",,,Advertising Services,https://www.linkedin.com/company/wpp-media,,,,,,,,,,,
linkedin,CO Business Intelligence Specialist (m/w/d),PreZero Deutschland,"Hannover, Lower Saxony, Germany",,https://www.linkedin.com/jobs/view/4413040418 , ,li-4413040418,fulltime,,,,,,False,entry level,Business Development and Sales,,,Environmental Services,https://de.linkedin.com/company/prezero-deutschland,,,,,,,,,,,
linkedin,"Senior Team Lead Data Analytics (Munich, hybrid)",Zero to One Search | Recruitment Agency,"Munich, Bavaria, Germany",,https://www.linkedin.com/jobs/view/4435664025 , ,li-4435664025,fulltime,,,,,,False,mid-senior level,Information Technology,,,Staffing and Recruiting,https://de.linkedin.com/company/zero-to-one-search,,,,,,,,,,,
linkedin,Data Engineer (m/w/d),XXXLdigital – Part of XXXL Group,"Würzburg, Bavaria, Germany",,https://www.linkedin.com/jobs/view/4435682827 , ,li-4435682827,fulltime,,,,,,True,mid-senior level,Information Technology,,,IT Services and IT Consulting,https://at.linkedin.com/company/xxxldigital,,,,,,,,,,,
linkedin,Leitung Daten & Systeme (m/w/d),rhenag Rheinische Energie AG,"Siegburg, North Rhine-Westphalia, Germany",,https://www.linkedin.com/jobs/view/4438558719 , ,li-4438558719,fulltime,,,,,,False,mid-senior level,Information Technology,,bewerbungen@rhenag.de,Utilities,https://de.linkedin.com/company/rhenag-rheinische-energie-ag,,,,,,,,,,,
linkedin,"Associate Director, Europe Business Analytics & Insights",Corcept Therapeutics,"Munich, Bavaria, Germany",,https://www.linkedin.com/jobs/view/4428783219 , ,li-4428783219,fulltime,,,,,,False,mid-senior level,Business Development and Sales,,,Biotechnology Research,https://www.linkedin.com/company/corcept-therapeutics,,,,,,,,,,,
